$ANSIBLE_VAULT;1.1;AES256
65323831353934393532303333333034633438653461636233386537656139373866623835363866
3438623838313936636365396534616131373261323866390a656433363738356265653138373034
30666133396432666466623364366330366436343934353036336563666133316662373338303863
3931316636383431340a613535373462376231356235633332353335313936663764653732636236
34303061373362653763353130346264313566346437363237353332333534636136383739363832
65343333393962633331333632303430623032326137376634306666653630303265613738653062
30666137653861386339643766363037383939376431623634623366326664643464393335383031
66373935613833356435373535376238316232613335326439616231383534306361353439623563
36313434363763663866313933643464636664313734373262353163353164396162613033626630
38656666333335323964316638613765356335386532313733646663333561366330323238393933
62373239323539383336646337616432663438393136643835666563306530616533303332343437
62353562353230373235613134663630323165653330323564653362363033653265313835303736
66363864316630663263616661643439623131613563663865656663633735323035313438333631
64326266323037333737313632626130643235386561663330366338636231643835643932363530
64376137663433666431336365346663323836623030326361313661366632653964636464646633
35383037633265306563646162383437353164373266353735336365373239363164396134303937
63353830353330326130396363626131323237346433393466343362313765636637636533346139
37663064343162636162306239633365323533333663666235646633383331346139653561636239
35343434386130653863623361376530646432376461643664666561626361666634383166633531
39636233393539613539383735363661653330336438616339316336633763343263383963633266
65666538333735623832636561343764313232373963623262663664623733336636626365313263
35313364303333366335343761653331386333643162633861326131653566393061653437623339
37336561613339343930353062383866623237303636353733636339626462636563303332363764
38313538343761356136653232656539366364366432383336623137373666633932333164396431
32613032613562316134383863333530366536326462653236326132306131333162366137653663
61663933336234616139656533393135323663303439303436313635303531393962666661636665
61633533373930663761343165633136353661643737643664343833373266613032633433373830
37376136336566636462326639373735616534316164386634643366613464383835383839653263
3466
